{
  "camera": [
    {
      "disabled": false,
      "serial": "000049102712",
      "trafo": [
        [
          0.20966240651244428,
          0.08980433679626432,
          0.9736410305590041,
          -1.7082448318383279
        ],
        [
          0.9753852328915846,
          0.05035097962051786,
          -0.21468215181585326,
          1.3228230376834855
        ],
        [
          -0.06830316795319419,
          0.9946858599295776,
          -0.07703711640319985,
          0.11087566537048836
        ],
        [
          0.0,
          0.0,
          0.0,
          1.0
        ]
      ],
      "type": "kinect"
    },
    {
      "disabled": false,
      "serial": "000094102712",
      "trafo": [
        [
          -0.09196667320194697,
          0.9819250713925336,
          -0.1654245604224212,
          0.20337276438136512
        ],
        [
          0.9543441650334025,
          0.03950198840734917,
          -0.29608581117400423,
          1.3943335396873362
        ],
        [
          -0.2841994822072527,
          -0.18510199102832223,
          -0.9407273288421489,
          1.8510239596606706
        ],
        [
          0.0,
          0.0,
          0.0,
          1.0
        ]
      ],
      "type": "kinect"
    },
    {
      "disabled": false,
      "serial": "000330102712",
      "trafo": [
        [
          -0.23410068103232326,
          -0.11333346018490292,
          -0.9655839673185982,
          2.0128730832908346
        ],
        [
          0.9708410420503726,
          0.025481320726546103,
          -0.23836604910217343,
          1.4029891574646636
        ],
        [
          0.05161920389501121,
          -0.9932301994485264,
          0.10406358004939831,
          -0.15767242702916015
        ],
        [
          0.0,
          0.0,
          0.0,
          1.0
        ]
      ],
      "type": "kinect"
    },
    {
      "disabled": false,
      "serial": "000241702712",
      "trafo": [
        [
          0.04191019548468634,
          -0.9937388516700532,
          0.10356944624706084,
          -0.2820488464301444
        ],
        [
          0.9874738723455376,
          0.025416309906783473,
          -0.15572206852479695,
          1.3527891759493413
        ],
        [
          0.15211471641281868,
          0.10879846447541328,
          0.9823563544755282,
          -1.8721472576894906
        ],
        [
          0.0,
          0.0,
          0.0,
          1.0
        ]
      ],
      "type": "kinect"
    }
  ],
  "postprocessing": {
    "depthfilterparameters": {
      "depth_x_erosion": 2,
      "depth_y_erosion": 2,
      "do_threshold": true,
      "threshold_far": 2.8,
      "threshold_near": 0.15
    },
    "greenscreenremoval": false,
    "height_max": 2.2,
    "height_min": 0.03,
    "radius_filter": 1.2
  },
  "skeleton": {
    "model_path": "",
    "processing_mode": -1,
    "sensor_orientation": -1
  },
  "system": {
    "color_brightness": 128,
    "color_contrast": 5,
    "color_exposure_time": 30000,
    "color_gain": 0,
    "color_height": 720,
    "color_powerline_frequency": 2,
    "color_saturation": 32,
    "color_whitebalance": 4000,
    "depth_height": 576,
    "fps": 30,
    "ignore_sync": false,
    "map_color_to_depth": false,
    "record_to_directory": "",
    "single_tile": -1,
    "sync_master_serial": "000094102712"
  },
  "type": "kinect",
  "version": 3
}