{
  "camera": [
    {
      "disabled": false,
      "serial": "000123102712",
      "trafo": [
        [
          -0.050460393857164776,
          0.9908430991702812,
          -0.1252345857921381,
          0.18253431917245674
        ],
        [
          0.9710111636074161,
          0.0193374525710938,
          -0.23825067277536155,
          1.4120928470584455
        ],
        [
          -0.23364731712910958,
          -0.13362640365890532,
          -0.9630954861505899,
          1.7199030536244353
        ],
        [
          0.0,
          0.0,
          0.0,
          1.0
        ]
      ],
      "type": "kinect"
    },
    {
      "disabled": false,
      "serial": "000174202712",
      "trafo": [
        [
          0.17946977409329556,
          -0.2935329361389617,
          0.9389510187377438,
          -1.5585750027399565
        ],
        [
          0.9826132278055494,
          0.00734550820822064,
          -0.18551896951739968,
          1.376043530056086
        ],
        [
          0.04755885541666345,
          0.955920738822451,
          0.2897476425454652,
          -0.7234026602184022
        ],
        [
          0.0,
          0.0,
          0.0,
          1.0
        ]
      ],
      "type": "kinect"
    },
    {
      "disabled": false,
      "serial": "000403700112",
      "trafo": [
        [
          0.03507854390693416,
          -0.9908682552834365,
          0.13019061574839433,
          -0.03717714260616736
        ],
        [
          0.9823979802649855,
          0.010272094446874606,
          -0.18651727117610034,
          1.3881379928668236
        ],
        [
          0.18347671276942312,
          0.1344417522470259,
          0.973787302815198,
          -1.9236321134612704
        ],
        [
          0.0,
          0.0,
          0.0,
          1.0
        ]
      ],
      "type": "kinect"
    },
    {
      "disabled": false,
      "serial": "000106702712",
      "trafo": [
        [
          -0.15885085123653533,
          0.2865177847433009,
          -0.9448142495153413,
          1.771572557928606
        ],
        [
          0.9868071524728034,
          0.015762959433266093,
          -0.16113091862964654,
          1.4094743084012
        ],
        [
          -0.03127380517233612,
          -0.9579452427648046,
          -0.2852417588193307,
          0.5250253482719253
        ],
        [
          0.0,
          0.0,
          0.0,
          1.0
        ]
      ],
      "type": "kinect"
    }
  ],
  "postprocessing": {
    "depthfilterparameters": {
      "depth_x_erosion":2,
      "depth_y_erosion":2,
      "do_threshold": true,
      "threshold_far": 3,
      "threshold_near": 0.15
    },
    "greenscreenremoval": false,
    "height_max": 2.2,
    "height_min": 0.02,
    "radius_filter": 1.25
  },
  "skeleton": {
    "model_path": "",
    "processing_mode": -1,
    "sensor_orientation": -1
  },
  "system": {
    "color_brightness": 128,
    "color_contrast": 5,
    "color_exposure_time": 33330,
    "color_gain": 128,
    "color_height": 720,
    "color_powerline_frequency": 2,
    "color_saturation": 32,
    "color_whitebalance": 3500,
    "depth_height": 576,
    "fps": 15,
    "ignore_sync": false,
    "map_color_to_depth": false,
    "record_to_directory": "",
    "single_tile": -1,
    "sync_master_serial": "000123102712"
  },
  "type": "kinect",
  "version": 3,
  "correspondence": 0.004784884856803403
}